Channel,Region,Fresh,Milk,Grocery,Frozen,Detergents_Paper,Delicassen
2,1,12850,28307,33959,14596,17940,39602
1,3,30824,30103,699,30229,33502,15927
2,2,61647,803,3637,12381,11305,39693
2,1,99429,44251,31188,28364,9831,8111
1,3,97162,42342,42167,27537,13868,13952
2,3,21041,68753,73994,358,14733,10155
2,1,76188,37091,12463,34573,7420,6387
2,1,9514,34400,77859,47888,7202,4317
1,1,75705,5025,21761,56992,9447,8987
1,1,38349,14504,12836,20147,19088,5761
1,1,50453,24881,64937,53604,14020,18240
2,3,80485,27758,71844,53493,16008,3421
1,2,47653,26692,56125,60163,29358,2940
2,3,90555,28999,10737,22723,9838,47456
1,3,59843,56527,10704,51797,37149,4207
1,2,112011,9684,36192,34407,30694,3553
1,2,71581,24457,41808,3570,7134,1446
1,1,33239,12016,92651,16473,12815,6357
2,1,86950,22660,26581,40915,7496,25311
1,2,45753,50331,17871,9795,11140,39662
2,1,59909,3489,87761,26476,14924,35234
1,1,15347,24987,14287,47174,5346,27820
2,1,13387,1794,2452,9137,592,4079
2,3,64474,70186,39229,30240,17917,37129
2,2,20940,53467,37214,13098,28620,1788
1,3,111880,17945,57494,32667,12371,30249
1,2,95965,14611,81437,14671,35131,19626
1,1,78606,7320,86555,58765,15078,42295
1,2,82398,34785,26875,4691,36778,14746
2,1,66755,55395,91001,58654,9637,30611
2,3,6764,42961,58700,48206,22021,21096
2,1,44006,64761,6464,52086,31158,25034
1,2,55606,25306,87070,51835,2413,45009
1,3,102652,20480,12806,11440,37970,34172
1,2,24618,35165,54611,56677,14902,19877
1,2,55731,14897,73366,36183,20331,21451
1,2,38589,71710,23145,58567,25659,33780
1,3,15072,13698,25111,53455,26253,16593
1,1,11556,35224,44181,35291,969,8050
1,2,40979,38393,82097,22809,35405,22422
1,3,9246,4244,20748,7161,25461,3273
2,2,7535,34457,61556,6176,40780,8139
2,2,39352,33450,41993,23736,19252,20172
1,1,22654,19109,10379,49368,25049,38191
2,1,62224,9453,65956,30772,18009,37464
2,3,1984,3372,77243,29337,36328,12501
1,2,33850,685,53409,14898,33985,20230
1,1,50837,35417,16364,34365,37096,7363
2,2,108018,6653,14450,38848,20590,36210
1,2,71166,70512,39294,59783,32314,11813
1,2,98774,18030,46987,44406,14650,38333
1,3,38502,47978,51233,36970,18820,40372
2,1,50437,49518,22608,55398,31038,33038
1,2,47148,36446,46463,25882,3316,15833
2,2,99523,64951,27379,56911,29008,45686
2,3,107577,8184,63663,22536,648,32892
1,1,107927,17243,73898,7799,23708,30965
1,1,84334,18594,60557,25435,19484,41060
1,2,56426,10000,118,7859,19136,42261
1,2,60659,21704,92042,7228,20183,3730
1,3,109966,23020,2208,53642,20086,42265
1,2,31913,56225,92727,48381,16633,36679
1,3,38885,22207,2950,13484,18429,9903
2,2,100600,64444,47919,50995,23198,14752
1,1,43328,56803,9834,4217,31171,36086
1,1,26368,66275,8835,17329,22545,10388
1,3,62859,7783,63407,42987,26233,21692
1,1,36489,72365,67530,18509,34157,33029
1,3,99913,45146,10972,44472,40399,31188
1,1,101953,72203,90615,53223,4438,43619
1,1,34321,26116,29734,4044,29108,5350
1,1,59390,70047,29536,1483,9195,14146
2,2,110356,43284,27555,57219,8036,47219
1,2,83253,5329,42793,31692,32377,27273
1,3,24185,30176,16502,30841,2807,11926
1,2,66254,10175,39412,28237,34615,13897
1,2,69523,69186,19484,26408,31460,16265
1,2,73285,22416,4773,42015,40616,26576
1,3,2807,16386,34213,35299,27271,13644
2,2,33578,40662,62374,9966,35639,29815
1,1,95847,31280,70800,38152,4842,21349
1,2,27072,7177,32784,40689,36333,29263
2,3,33613,60021,30039,6937,6548,7439
1,1,36170,62173,73062,22947,12836,29896
1,3,19896,54621,63202,48123,5236,44336
1,2,17435,45352,77205,37670,16400,6478
2,2,38920,29620,84069,8322,30580,15700
1,1,98056,39888,76195,2464,10947,33252
1,3,175,38319,86888,35388,33569,29601
1,1,31768,12196,38660,28118,24755,32351
1,1,6802,6063,36619,58500,25678,26829
2,2,62973,18655,29835,31801,38329,32726
1,2,28107,33423,21826,56701,17633,29217
1,2,88822,11828,69477,13065,14072,3554
1,1,65612,7889,66288,27243,40605,36020
1,1,87908,62624,74354,8520,22742,21424
1,1,71207,27596,15533,34963,25094,2469
1,2,49167,42963,45580,11492,12099,19612
1,2,96559,38541,20595,29976,8798,20865
2,2,53414,54045,82856,20964,6935,4160
2,2,106537,54389,24812,11325,9129,47756
2,3,111557,21796,13354,5915,7971,10663
1,2,66061,62328,52873,31180,30487,15855
2,2,75658,27321,81561,57664,2368,21143
2,2,28675,61395,84962,12117,25697,39914
2,2,91363,29789,8918,24666,38757,35618
1,2,75321,8206,30238,13691,31256,36963
1,1,101223,55873,14246,49246,16450,11367
1,1,29947,2270,28566,25269,2428,40533
2,3,88330,56779,49531,59313,34055,39782
1,2,52743,3225,26033,14942,131,22240
1,2,20770,15244,6267,4937,27818,26169
1,1,19202,44368,47322,35468,27394,1783
1,2,63049,69205,4902,39675,7838,36458
1,2,35828,30055,21035,60306,30208,46070
2,2,11430,8916,51,53045,7166,22657
2,2,47907,17160,8058,53822,9215,25915
2,2,73227,65869,40483,38614,33152,23934
1,3,35772,53429,78930,21917,39975,3965
1,2,107144,7428,71871,26129,10809,29712
1,3,87428,28323,9172,8162,37616,34589
1,3,57505,19483,3235,26253,37287,44490
1,2,104823,13115,31370,22199,31414,44577
1,3,48560,62223,60518,2209,5720,23580
1,1,15666,45422,69283,12465,12226,45977
1,3,4022,13237,76371,32552,27670,25347
1,3,105201,47844,31752,22497,40796,30783
1,2,107640,30429,15589,60477,33253,28863
1,3,82909,4570,2447,29141,17160,47880
1,2,11554,33094,13628,58357,9607,35360
1,1,32935,13659,6048,40225,39208,5756
2,3,4609,18067,79866,2483,11279,3447
1,1,5750,64612,24905,12403,13974,19653
1,1,27599,52218,76370,42969,39379,24725
1,2,64168,9903,51323,33192,22932,32057
1,3,7352,62580,50004,18385,10805,23090
2,2,110425,42234,42197,31791,221,24675
1,2,51044,64287,76006,54967,17555,44189
2,1,29593,54923,4034,23675,40256,16057
1,1,57881,24976,8608,2770,17660,23662
1,1,88618,39337,39284,18945,28561,26724
1,1,35057,39042,36602,56968,10333,22454
2,3,5331,52930,50622,46375,31667,46415
1,3,5718,18298,68454,50981,31674,46131
1,3,95552,24518,54514,55491,24836,24602
1,1,12518,18033,23888,7174,31513,21604
1,1,71280,21804,30368,17224,23633,28238
1,1,43124,11898,69802,3665,15447,8674
1,2,87200,2739,18694,313,30126,20424
1,2,6791,69093,46779,50812,34097,10402
2,2,100689,5513,49990,57033,34339,6908
2,1,78304,65272,69611,9502,8701,4566
1,3,50389,281,66279,43965,27624,28147
1,1,23220,57147,43115,32570,178,30
1,1,109588,24174,28686,4237,23354,30981
1,3,33880,38074,34136,55743,23320,20710
1,3,55013,20782,38189,53035,14842,17572
1,1,44203,36087,20338,34551,40586,36881
2,2,25858,33219,58027,43096,36049,25831
2,3,46725,38961,19336,24194,1580,35166
1,3,16991,28939,60185,48265,8528,34015
2,3,189,39462,69724,27102,8494,1544
1,2,32525,60679,89240,60211,36645,10333
1,2,12571,31971,11035,3865,21187,27328
1,3,46520,26595,70489,10499,29759,46771
1,1,96761,9731,7980,58968,33068,7399
2,1,18234,26474,31292,17595,31341,5063
2,2,141,9284,16358,18926,3638,45119
1,3,12462,13458,15059,48170,5732,46352
2,1,56993,69992,16271,11546,16138,8026
1,2,30825,6621,4079,31271,13817,19261
1,2,54900,35457,76369,17429,30502,30044
1,2,3283,61329,5674,12068,6381,9362
2,3,37359,70062,36975,58702,15171,15643
1,1,45999,10830,64869,12187,9661,18953
1,3,48375,12068,91889,5761,7712,30760
1,2,61814,27420,79208,41030,7057,14771
2,3,87544,40773,12733,52796,7984,19767
2,2,52402,70547,91643,7782,23043,13885
2,1,94343,15310,60637,43093,16743,36421
2,3,59412,12128,16662,32929,17773,7339
2,3,29200,18649,41635,50527,19575,11061
1,1,25687,64268,85162,7749,30256,11987
1,3,36169,2262,36457,59403,35186,43427
2,3,67007,27973,17040,37694,21494,45282
1,2,27197,8791,81191,51265,26222,23983
1,3,102526,11591,88418,22048,30154,7500
1,2,53819,67392,90516,57425,28188,36250
2,2,96818,177,88671,38136,5484,23594
1,1,76629,23669,80985,7748,40133,40739
2,3,37388,67287,42169,56178,6731,17261
1,1,25601,44718,17844,48444,16816,47887
1,3,83435,5324,57261,18290,26645,38691
2,2,37094,34207,20488,33226,16469,10739
1,2,27688,71365,43901,23636,9928,34786
1,1,104344,29465,60872,33093,37698,13756
1,3,54129,38879,87824,58763,2923,16772
2,1,5449,39118,26823,54719,10040,12009
1,2,55490,48560,23375,13139,40542,32709
1,3,51677,13806,68169,59154,29797,12605
2,3,96896,61724,602,26671,3553,30627
2,3,79803,72662,52554,42910,30808,27925
1,3,21463,10524,69207,46524,39583,35997
1,2,16876,60154,51115,29409,3995,47633
1,1,67695,60052,35625,27810,16906,425
1,3,5315,54522,76873,27794,19118,47477
1,3,35780,27293,34426,52506,5351,5245
2,3,15502,34482,65924,23531,8190,25257
1,2,2309,61690,43065,17056,7096,16345
1,1,103048,11282,2468,22026,7570,30638
2,2,10076,60921,49223,11882,16477,34603
1,2,1041,67672,4591,23846,18938,41230
1,3,104625,50134,86375,6966,9718,19274
2,2,21123,25127,55814,5486,11818,44728
2,1,91579,41121,34519,44067,7851,15460
2,1,3511,3735,45110,4736,32502,9776
1,3,17224,68490,57449,34597,8647,18178
1,3,12409,25202,24142,47476,37055,25341
2,1,79209,4248,26759,44106,22001,32035
1,2,69552,58403,38845,27166,32774,39930
1,2,53330,48348,23992,11806,25983,10782
1,2,27102,45789,70320,56652,10863,14538
1,3,9968,4028,9634,50840,24553,45004
2,1,63839,55199,76694,37275,11194,21087
1,1,25877,46862,32338,5304,4843,11584
2,1,66192,58342,52072,2165,10402,47254
1,1,77101,60817,14639,19204,11256,21527
1,3,95266,15621,35756,9609,5515,47227
1,3,55402,15525,70013,52373,966,44075
1,1,534,67901,25117,12548,38533,43442
1,2,31479,39055,12275,17222,20963,27896
1,1,95707,32222,48425,59393,16416,38281
2,1,59806,21148,15078,49812,37968,46052
1,1,69436,46986,29204,13332,9175,12905
2,1,51347,55428,41795,23361,16450,1812
2,2,18254,224,52338,31406,34568,15384
1,3,100567,40642,59323,40442,25805,30536
2,2,86687,73011,62781,56986,16300,26240
1,3,111611,20666,78334,53028,10447,3866
1,2,95945,20685,6133,59482,1436,26887
2,1,32653,64548,33618,2498,3475,8363
2,1,28518,4613,102,14406,6614,24237
1,1,27869,29250,879,34280,32116,27602
1,1,103044,33711,19697,3013,26100,30525
1,3,62462,58654,55497,21645,17699,19781
2,3,50969,9531,82993,9370,31965,19578
1,3,108592,31934,71770,56788,6566,32534
1,2,67676,11242,59964,3878,8614,35919
1,2,101994,57902,72199,9054,16036,38726
1,2,110430,46492,15957,11897,37455,15993
1,2,8912,36537,77921,9066,25079,20333
2,3,40548,28913,82599,34619,34744,15855
1,3,82335,11304,8821,22193,10134,25293
1,3,91198,67759,43604,55542,34638,6102
1,2,16655,47621,77012,15894,2961,20622
2,1,35711,23495,44173,32712,9297,9050
2,3,61480,30456,77980,40188,21355,25527
1,2,89633,53388,86800,38113,2066,40777
1,3,12672,52902,44041,48480,35041,47243
1,2,67374,33919,5522,12307,35415,21398
1,3,33248,22301,31552,30901,22108,2703
2,2,24267,48524,19966,48736,12487,10927
1,3,57804,48398,43990,52535,4043,5028
1,3,46435,44099,54349,37614,25270,36406
2,1,71297,5405,43042,39689,21953,47209
1,2,35625,34778,18139,52603,31028,26561
1,2,92332,45143,27944,38045,24601,8481
1,3,8762,69831,63048,57757,5240,1017
1,3,96661,38654,2506,7788,4974,46797
1,3,3348,25225,19866,21193,31880,15169
1,2,82532,40874,82792,6850,6495,5372
1,2,38860,13071,9202,5536,38317,8488
1,2,42993,6716,38482,28740,4328,12240
1,3,2137,49856,19206,13771,29738,31446
2,1,78742,72484,9712,24798,39816,42755
1,2,18562,62189,39223,26665,18015,13188
1,1,73926,42921,48381,37805,2318,32950
1,3,81331,3011,16344,57565,35793,3116
2,2,94795,72615,7220,51705,7649,487
2,2,79414,33077,12499,23043,21536,2636
1,2,33815,21329,60451,19835,40196,44258
1,2,82834,65602,79818,46922,30408,27891
1,3,92632,54873,16730,7548,1893,38603
1,2,35571,55109,29728,32910,33500,1044
1,2,13929,20454,31901,25763,6585,1068
1,1,99817,72897,33473,11147,30595,40694
1,1,16594,33315,22668,37532,25353,4922
1,2,66600,39084,5130,19540,11754,7452
1,3,26501,55208,48725,11317,17296,24881
1,3,14136,48527,33159,39768,4813,29082
2,2,87077,12708,31756,10624,40288,10975
1,2,16120,22270,24571,40964,9733,21321
2,2,75168,26581,86225,9887,12604,32357
1,1,77732,69645,56642,26477,20532,21233
2,1,6757,52531,38848,49187,27452,18347
2,2,19398,26960,19058,13936,20630,3445
2,1,89090,54015,74329,46731,20625,21666
2,1,56895,54294,82423,43949,23789,38487
2,1,13612,29008,3001,54947,35018,30050
1,1,111229,29663,86255,10300,16133,42816
2,2,29721,65735,64893,43536,33974,6051
1,3,452,41317,9265,57016,32127,531
1,3,103647,11036,69879,46450,39236,26282
1,2,1862,52918,9967,11457,37282,8565
2,2,62061,43355,4721,50049,32588,28479
1,1,111376,37433,10702,6554,10075,43337
1,1,64803,53309,42665,35853,31613,16165
1,2,65569,66675,57485,30304,30071,26346
1,2,43536,24323,37793,32338,11821,32684
1,1,14235,30850,11319,31636,27681,7196
1,2,64229,13972,18481,1940,10330,43024
1,1,100634,47578,79085,30945,21358,9724
1,1,10220,29631,89313,57021,32530,38752
1,3,98736,25199,69982,26594,7699,31643
1,2,46550,51210,9597,16873,13759,6761
1,2,60137,30031,76063,60554,32468,34751
1,3,18552,34160,64204,6048,18529,9422
2,3,69736,32374,48809,29612,39220,28740
1,3,20453,19043,13292,31214,327,46011
2,2,30640,9294,92472,29105,29471,45697
2,3,80931,60810,41067,56107,33242,41771
1,2,5668,6791,4101,25687,37474,23688
1,3,50153,23915,19483,59245,6402,26827
1,3,66683,49078,37231,4091,40182,14398
2,2,14809,9697,5785,44681,16017,44154
1,3,33059,48198,30057,36103,14375,22882
2,2,38526,53894,43460,14661,14518,36995
1,3,74427,48741,88016,13895,26058,17245
1,1,109539,22457,8016,43813,26918,35499
1,3,93787,1506,53523,38820,19351,10761
2,2,21285,65225,84965,37211,2903,35181
1,3,2039,24037,74799,3117,40282,2206
2,2,5824,59177,85817,36403,9070,5028
2,3,66811,14582,15806,59737,3832,16888
1,1,17527,11983,74350,1079,24391,23112
1,1,25940,57205,90798,28561,16838,34108
1,2,95037,69072,30251,30105,25133,17216
2,3,98008,63263,46265,54588,35746,886
1,3,94099,55229,49253,17234,3976,15602
2,2,28451,18172,45804,28960,11599,21057
1,2,69500,67124,26888,43662,21092,26069
2,2,68500,49104,90079,3695,32164,30877
2,3,20778,12699,88744,48767,24524,11876
1,2,62082,9555,35326,50052,15630,29266
2,2,58909,64036,74716,43811,24908,30281
2,3,44432,20263,36884,39463,40010,37236
2,1,84301,56305,73743,45513,19601,25030
1,3,75997,10238,54255,47591,36073,38860
1,1,59739,20658,43624,54992,31844,10626
1,1,81397,20877,11883,26076,12304,34122
1,3,85584,20700,60734,27773,10188,2200
1,3,63584,49610,29792,38840,31446,4931
1,3,30022,67211,20122,11773,8473,41458
1,3,85059,66913,17928,52122,13755,22776
1,2,80482,54517,91099,46906,9613,29766
1,2,110292,14929,9585,38422,24757,28930
2,1,16801,70603,74088,18378,12011,33315
2,1,47023,39867,80362,21179,26885,11775
1,1,103654,40152,2884,26491,38168,8549
1,1,57712,51567,54679,40336,33871,2042
2,2,105717,56540,53573,47364,38703,41460
1,3,1401,70041,33279,40903,1001,10722
1,3,3947,42827,61859,56606,18596,27577
1,2,89276,44860,37918,58471,8990,21811
1,3,40200,54809,40796,42914,37474,7786
1,3,58346,18791,40038,22593,29067,19847
2,3,48003,22654,74287,36475,13076,3991
1,2,45755,45992,58745,25889,23008,8472
1,1,105364,4764,35170,38302,24719,6700
2,3,10553,23593,85986,49438,20236,39526
2,1,86606,52787,74416,22497,19368,27205
1,2,99777,71745,86544,30798,2256,44381
1,1,73731,38208,67777,2801,18474,20904
1,3,44302,29408,36324,44841,14221,9655
1,2,17948,32398,71714,29830,33408,29179
1,1,76553,50395,30551,27996,35320,44567
2,1,52578,40043,25139,32420,30638,25536
1,2,16755,1760,41850,13136,1264,859
1,2,40337,39658,89933,36408,34346,14559
2,3,107839,29437,52694,45366,16187,44346
1,1,29765,51524,35601,21301,17001,24853
2,3,20015,64326,42849,8005,38588,45639
2,2,76485,70741,27021,23562,35410,24417
1,3,22381,44872,61120,12107,2080,580
1,1,103169,26683,32514,22777,14693,41857
2,1,96337,32659,51439,38164,30609,36582
2,1,110304,13015,34313,6924,22001,34292
2,2,102348,68793,29758,45492,10520,46515
1,3,27340,62284,90019,13691,21427,9408
2,1,23795,62775,32079,54462,35382,43432
1,2,38429,24153,6545,44590,9118,11155
1,1,52690,23719,35128,16610,30461,46539
1,3,98693,62968,49374,34294,29999,9180
2,3,82263,40048,8783,6762,36161,26386
1,3,72275,51807,28363,6093,12166,37844
1,3,98510,36029,15409,58195,8818,3749
2,2,72438,32573,46452,48848,22361,3200
1,3,42513,46486,67092,9420,21693,40742
1,1,46320,59763,89856,17225,16722,2899
1,3,57986,24593,36102,12052,31816,29430
1,3,9958,59481,80094,24068,32624,44982
2,3,83185,17990,19907,17750,10033,29474
2,2,73211,29640,72415,19985,32480,23062
1,3,81999,67085,52206,32235,9423,20006
2,2,59884,70153,70344,11527,16644,30597
2,1,87811,67908,70100,53740,1112,27417
1,3,106516,23266,49401,44298,13899,24058
2,1,63920,61992,23886,46300,39134,7365
1,1,49840,68804,48821,10336,18070,31771
2,2,11735,71898,76710,43112,28989,35468
1,1,87330,1590,90058,50906,4409,33986
1,3,101382,54770,86055,10683,25949,3599
1,2,78450,73259,16839,45736,15172,33699
2,1,97076,56215,55428,21788,30376,34989
1,3,96585,17180,9707,47945,37889,8796
1,2,89508,56062,62066,29133,21706,40703
1,1,56400,7784,92069,48835,4200,25116
2,3,11202,35352,4880,8995,19441,22653
1,2,367,46047,60918,23698,5028,34651
2,1,22925,33578,87726,16661,18355,24444
1,3,48341,51453,78603,15136,2499,26118
1,2,83397,17698,36416,18785,26148,14970
1,3,51121,44578,9644,23294,12677,44486
1,3,2598,47413,85720,7769,8230,46479
1,2,23593,46603,85481,43047,709,6256
2,3,109822,21303,53719,33504,36257,35149
1,1,110808,22483,90822,50481,34181,1121
2,1,42299,18989,431,42922,33142,17692
1,2,90281,33969,57210,9093,2376,46505
2,3,80673,43090,3578,4279,14273,8383
2,2,104443,26681,86814,25750,39658,18076
2,2,99543,30165,63130,29298,23624,10529
2,3,70515,21090,84749,14642,5248,34914
2,3,44260,16128,52206,47618,5760,22243
1,3,70282,48339,7727,35411,10744,28437
1,1,35793,59989,2464,45536,39699,45190
1,3,39041,21405,31136,6657,6927,24982
1,2,68272,63258,68979,49618,36863,35198
2,2,64084,41989,14015,12564,27682,4696
1,2,65160,12371,79063,27298,37639,10322
